0.00078  1249.4101
0.00784  1244.1090
0.01572  1238.2360
0.02363  1232.3810
0.03157  1226.5440
0.03955  1220.7250
0.04756  1214.9240
0.05561  1209.1410
0.06369  1203.3760
0.07181  1197.6290
0.07996  1191.9000
0.08815  1186.1890
0.09638  1180.4960
0.10464  1174.8210
0.11293  1169.1640
0.12127  1163.5250
0.12964  1157.9040
0.13804  1152.3010
0.14649  1146.7160
0.15497  1141.1490
0.16349  1135.6000
0.17205  1130.0690
0.18065  1124.5560
0.18928  1119.0610
0.19795  1113.5840
0.20667  1108.1250
0.21542  1102.6840
0.22421  1097.2610
0.23304  1091.8560
0.24191  1086.4690
0.25082  1081.1000
0.25977  1075.7490
0.26877  1070.4160
0.27780  1065.1010
0.28688  1059.8040
0.29600  1054.5250
0.30516  1049.2640
0.31436  1044.0210
0.32361  1038.7960
0.33290  1033.5890
0.34223  1028.4000
0.35161  1023.2290
0.36103  1018.0760
0.37049  1012.9410
0.38001  1007.8240
0.38956  1002.7250
0.39916  997.6440
0.40881  992.5810
0.41851  987.5360
0.42825  982.5090
0.43804  977.5000
0.44787  972.5090
0.45776  967.5360
0.46769  962.5810
0.47768  957.6440
0.48771  952.7250
0.49779  947.8240
0.50792  942.9410
0.51811  938.0760
0.52834  933.2290
0.53863  928.4000
0.54897  923.5890
0.55936  918.7960
0.56980  914.0210
0.58030  909.2640
0.59086  904.5250
0.60147  899.8040
0.61213  895.1010
0.62285  890.4160
0.63363  885.7490
0.64447  881.1000
0.65536  876.4690
0.66631  871.8560
0.67732  867.2610
0.68839  862.6840
0.69952  858.1250
0.71072  853.5840
0.72197  849.0610
0.73329  844.5560
0.74467  840.0690
0.75612  835.6000
0.76763  831.1490
0.77921  826.7160
0.79086  822.3010
0.80257  817.9040
0.81435  813.5250
0.82620  809.1640
0.83812  804.8210
0.85011  800.4960
0.86218  796.1890
0.87432  791.9000
0.88653  787.6290
0.89882  783.3760
0.91119  779.1410
0.92363  774.9240
0.93615  770.7250
0.94876  766.5440
0.96144  762.3810
0.97421  758.2360
0.98706  754.1090
0.99870  750.4101
