0.00125  1249.4101
0.01252  1244.1090
0.02497  1238.2360
0.03737  1232.3810
0.04971  1226.5440
0.06199  1220.7250
0.07421  1214.9240
0.08638  1209.1410
0.09849  1203.3760
0.11055  1197.6290
0.12255  1191.9000
0.13450  1186.1890
0.14639  1180.4960
0.15822  1174.8210
0.17001  1169.1640
0.18173  1163.5250
0.19341  1157.9040
0.20503  1152.3010
0.21661  1146.7160
0.22812  1141.1490
0.23959  1135.6000
0.25101  1130.0690
0.26237  1124.5560
0.27368  1119.0610
0.28495  1113.5840
0.29616  1108.1250
0.30732  1102.6840
0.31843  1097.2610
0.32949  1091.8560
0.34050  1086.4690
0.35147  1081.1000
0.36238  1075.7490
0.37325  1070.4160
0.38406  1065.1010
0.39483  1059.8040
0.40555  1054.5250
0.41622  1049.2640
0.42684  1044.0210
0.43742  1038.7960
0.44795  1033.5890
0.45843  1028.4000
0.46886  1023.2290
0.47924  1018.0760
0.48958  1012.9410
0.49987  1007.8240
0.51011  1002.7250
0.52031  997.6440
0.53046  992.5810
0.54056  987.5360
0.55061  982.5090
0.56062  977.5000
0.57058  972.5090
0.58050  967.5360
0.59037  962.5810
0.60019  957.6440
0.60996  952.7250
0.61969  947.8240
0.62937  942.9410
0.63901  938.0760
0.64860  933.2290
0.65814  928.4000
0.66763  923.5890
0.67708  918.7960
0.68648  914.0210
0.69583  909.2640
0.70514  904.5250
0.71440  899.8040
0.72361  895.1010
0.73277  890.4160
0.74189  885.7490
0.75096  881.1000
0.75998  876.4690
0.76896  871.8560
0.77789  867.2610
0.78676  862.6840
0.79559  858.1250
0.80438  853.5840
0.81311  849.0610
0.82179  844.5560
0.83043  840.0690
0.83902  835.6000
0.84755  831.1490
0.85604  826.7160
0.86448  822.3010
0.87286  817.9040
0.88120  813.5250
0.88949  809.1640
0.89772  804.8210
0.90591  800.4960
0.91404  796.1890
0.92212  791.9000
0.93015  787.6290
0.93813  783.3760
0.94605  779.1410
0.95392  774.9240
0.96174  770.7250
0.96950  766.5440
0.97721  762.3810
0.98486  758.2360
0.99246  754.1090
0.99925  750.4101
