0.00100  1249.4101
0.01000  1244.1090
0.02000  1238.2360
0.03000  1232.3810
0.04000  1226.5440
0.05000  1220.7250
0.06000  1214.9240
0.07000  1209.1410
0.08000  1203.3760
0.09000  1197.6290
0.10000  1191.9000
0.11000  1186.1890
0.12000  1180.4960
0.13000  1174.8210
0.14000  1169.1640
0.15000  1163.5250
0.16000  1157.9040
0.17000  1152.3010
0.18000  1146.7160
0.19000  1141.1490
0.20000  1135.6000
0.21000  1130.0690
0.22000  1124.5560
0.23000  1119.0610
0.24000  1113.5840
0.25000  1108.1250
0.26000  1102.6840
0.27000  1097.2610
0.28000  1091.8560
0.29000  1086.4690
0.30000  1081.1000
0.31000  1075.7490
0.32000  1070.4160
0.33000  1065.1010
0.34000  1059.8040
0.35000  1054.5250
0.36000  1049.2640
0.37000  1044.0210
0.38000  1038.7960
0.39000  1033.5890
0.40000  1028.4000
0.41000  1023.2290
0.42000  1018.0760
0.43000  1012.9410
0.44000  1007.8240
0.45000  1002.7250
0.46000  997.6440
0.47000  992.5810
0.48000  987.5360
0.49000  982.5090
0.50000  977.5000
0.51000  972.5090
0.52000  967.5360
0.53000  962.5810
0.54000  957.6440
0.55000  952.7250
0.56000  947.8240
0.57000  942.9410
0.58000  938.0760
0.59000  933.2290
0.60000  928.4000
0.61000  923.5890
0.62000  918.7960
0.63000  914.0210
0.64000  909.2640
0.65000  904.5250
0.66000  899.8040
0.67000  895.1010
0.68000  890.4160
0.69000  885.7490
0.70000  881.1000
0.71000  876.4690
0.72000  871.8560
0.73000  867.2610
0.74000  862.6840
0.75000  858.1250
0.76000  853.5840
0.77000  849.0610
0.78000  844.5560
0.79000  840.0690
0.80000  835.6000
0.81000  831.1490
0.82000  826.7160
0.83000  822.3010
0.84000  817.9040
0.85000  813.5250
0.86000  809.1640
0.87000  804.8210
0.88000  800.4960
0.89000  796.1890
0.90000  791.9000
0.91000  787.6290
0.92000  783.3760
0.93000  779.1410
0.94000  774.9240
0.95000  770.7250
0.96000  766.5440
0.97000  762.3810
0.98000  758.2360
0.99000  754.1090
0.99900  750.4101
