0.01000  1244.5545
0.01000  1244.5545
0.02000  1239.1180
0.03000  1233.6905
0.04000  1228.2720
0.05000  1222.8625
0.06000  1217.4620
0.07000  1212.0705
0.08000  1206.6880
0.09000  1201.3145
0.10000  1195.9500
0.11000  1190.5945
0.12000  1185.2480
0.13000  1179.9105
0.14000  1174.5820
0.15000  1169.2625
0.16000  1163.9520
0.17000  1158.6505
0.18000  1153.3580
0.19000  1148.0745
0.20000  1142.8000
0.21000  1137.5345
0.22000  1132.2780
0.23000  1127.0305
0.24000  1121.7920
0.25000  1116.5625
0.26000  1111.3420
0.27000  1106.1305
0.28000  1100.9280
0.29000  1095.7345
0.30000  1090.5500
0.31000  1085.3745
0.32000  1080.2080
0.33000  1075.0505
0.34000  1069.9020
0.35000  1064.7625
0.36000  1059.6320
0.37000  1054.5105
0.38000  1049.3980
0.39000  1044.2945
0.40000  1039.2000
0.41000  1034.1145
0.42000  1029.0380
0.43000  1023.9705
0.44000  1018.9120
0.45000  1013.8625
0.46000  1008.8220
0.47000  1003.7905
0.48000  998.7680
0.49000  993.7545
0.50000  988.7500
0.51000  983.7545
0.52000  978.7680
0.53000  973.7905
0.54000  968.8220
0.55000  963.8625
0.56000  958.9120
0.57000  953.9705
0.58000  949.0380
0.59000  944.1145
0.60000  939.2000
0.61000  934.2945
0.62000  929.3980
0.63000  924.5105
0.64000  919.6320
0.65000  914.7625
0.66000  909.9020
0.67000  905.0505
0.68000  900.2080
0.69000  895.3745
0.70000  890.5500
0.71000  885.7345
0.72000  880.9280
0.73000  876.1305
0.74000  871.3420
0.75000  866.5625
0.76000  861.7920
0.77000  857.0305
0.78000  852.2780
0.79000  847.5345
0.80000  842.8000
0.81000  838.0745
0.82000  833.3580
0.83000  828.6505
0.84000  823.9520
0.85000  819.2625
0.86000  814.5820
0.87000  809.9105
0.88000  805.2480
0.89000  800.5945
0.90000  795.9500
0.91000  791.3145
0.92000  786.6880
0.93000  782.0705
0.94000  777.4620
0.95000  772.8625
0.96000  768.2720
0.97000  763.6905
0.98000  759.1180
0.99000  754.5545
0.99000  754.5545
