 750.1    0.9998
 760.1    0.9779
 770.1    0.9560
 780.1    0.9343
 790.1    0.9126
 800.1    0.8911
 810.1    0.8696
 820.1    0.8482
 830.1    0.8269
 840.1    0.8057
 850.1    0.7846
 860.1    0.7636
 870.1    0.7426
 880.1    0.7217
 890.1    0.7009
 900.1    0.6802
 910.1    0.6596
 920.1    0.6390
 930.1    0.6186
 940.1    0.5982
 950.1    0.5778
 960.1    0.5576
 970.1    0.5374
 980.1    0.5173
 990.1    0.4973
1000.1    0.4773
1010.1    0.4575
1020.1    0.4376
1030.1    0.4179
1040.1    0.3982
1050.1    0.3786
1060.1    0.3591
1070.1    0.3396
1080.1    0.3202
1090.1    0.3009
1100.1    0.2816
1110.1    0.2624
1120.1    0.2432
1130.1    0.2241
1140.1    0.2051
1150.1    0.1862
1160.1    0.1673
1170.1    0.1484
1180.1    0.1296
1190.1    0.1109
1200.1    0.0923
1210.1    0.0737
1220.1    0.0551
1230.1    0.0366
1240.1    0.0182
1249.9    0.0002
