-10.0  -100.00
-9.9  -98.01
-9.8  -96.04
-9.7  -94.09
-9.6  -92.16
-9.5  -90.25
-9.4  -88.36
-9.3  -86.49
-9.2  -84.64
-9.1  -82.81
-9.0  -81.00
-8.9  -79.21
-8.8  -77.44
-8.7  -75.69
-8.6  -73.96
-8.5  -72.25
-8.4  -70.56
-8.3  -68.89
-8.2  -67.24
-8.1  -65.61
-8.0  -64.00
-7.9  -62.41
-7.8  -60.84
-7.7  -59.29
-7.6  -57.76
-7.5  -56.25
-7.4  -54.76
-7.3  -53.29
-7.2  -51.84
-7.1  -50.41
-7.0  -49.00
-6.9  -47.61
-6.8  -46.24
-6.7  -44.89
-6.6  -43.56
-6.5  -42.25
-6.4  -40.96
-6.3  -39.69
-6.2  -38.44
-6.1  -37.21
-6.0  -36.00
-5.9  -34.81
-5.8  -33.64
-5.7  -32.49
-5.6  -31.36
-5.5  -30.25
-5.4  -29.16
-5.3  -28.09
-5.2  -27.03
-5.1  -26.00
-5.0  -24.99
-4.9  -24.00
-4.8  -23.03
-4.7  -22.08
-4.6  -21.15
-4.5  -20.24
-4.4  -19.35
-4.3  -18.48
-4.2  -17.63
-4.1  -16.79
-4.0  -15.98
-3.9  -15.19
-3.8  -14.42
-3.7  -13.67
-3.6  -12.93
-3.5  -12.22
-3.4  -11.53
-3.3  -10.85
-3.2  -10.20
-3.1   -9.56
-3.0   -8.95
-2.9   -8.35
-2.8   -7.78
-2.7   -7.22
-2.6   -6.69
-2.5   -6.17
-2.4   -5.67
-2.3   -5.19
-2.2   -4.73
-2.1   -4.29
-2.0   -3.86
-1.9   -3.46
-1.8   -3.07
-1.7   -2.71
-1.6   -2.36
-1.5   -2.03
-1.4   -1.71
-1.3   -1.42
-1.2   -1.14
-1.1   -0.88
-1.0   -0.63
-0.9   -0.40
-0.8   -0.19
-0.7    0.01
-0.6    0.19
-0.5    0.36
-0.4    0.51
-0.3    0.65
-0.2    0.78
-0.1    0.89
 0.0    1.00
 0.1    1.10
 0.2    1.18
 0.3    1.26
 0.4    1.33
 0.5    1.40
 0.6    1.46
 0.7    1.52
 0.8    1.59
 0.9    1.65
 1.0    1.72
 1.1    1.79
 1.2    1.88
 1.3    1.98
 1.4    2.10
 1.5    2.23
 1.6    2.39
 1.7    2.58
 1.8    2.81
 1.9    3.08
 2.0    3.39
 2.1    3.76
 2.2    4.19
 2.3    4.68
 2.4    5.26
 2.5    5.93
 2.6    6.70
 2.7    7.59
 2.8    8.60
 2.9    9.76
 3.0   11.09
 3.1   12.59
 3.2   14.29
 3.3   16.22
 3.4   18.40
 3.5   20.87
 3.6   23.64
 3.7   26.76
 3.8   30.26
 3.9   34.19
 4.0   38.60
 4.1   43.53
 4.2   49.05
 4.3   55.21
 4.4   62.09
 4.5   69.77
 4.6   78.32
 4.7   87.86
 4.8   98.47
 4.9  110.28
 5.0  123.41
 5.1  138.01
 5.2  154.23
 5.3  172.25
 5.4  192.25
 5.5  214.44
 5.6  239.07
 5.7  266.38
 5.8  296.66
 5.9  330.23
 6.0  367.43
